 0.00000000e+00  1.80000000e+00 
 1.00000000e-02  1.79999999e+00 
 2.00000000e-02  1.79999999e+00 
 3.00000000e-02  1.79999999e+00 
 4.00000000e-02  1.79999999e+00 
 5.00000000e-02  1.79999999e+00 
 6.00000000e-02  1.79999999e+00 
 7.00000000e-02  1.79999999e+00 
 8.00000000e-02  1.79999999e+00 
 9.00000000e-02  1.79999999e+00 
 1.00000000e-01  1.79999999e+00 
 1.10000000e-01  1.79999999e+00 
 1.20000000e-01  1.79999999e+00 
 1.30000000e-01  1.79999999e+00 
 1.40000000e-01  1.79999999e+00 
 1.50000000e-01  1.79999999e+00 
 1.60000000e-01  1.79999999e+00 
 1.70000000e-01  1.79999999e+00 
 1.80000000e-01  1.79999999e+00 
 1.90000000e-01  1.79999999e+00 
 2.00000000e-01  1.79999998e+00 
 2.10000000e-01  1.79999998e+00 
 2.20000000e-01  1.79999998e+00 
 2.30000000e-01  1.79999997e+00 
 2.40000000e-01  1.79999997e+00 
 2.50000000e-01  1.79999996e+00 
 2.60000000e-01  1.79999995e+00 
 2.70000000e-01  1.79999993e+00 
 2.80000000e-01  1.79999990e+00 
 2.90000000e-01  1.79999987e+00 
 3.00000000e-01  1.79999983e+00 
 3.10000000e-01  1.79999976e+00 
 3.20000000e-01  1.79999967e+00 
 3.30000000e-01  1.79999955e+00 
 3.40000000e-01  1.79999938e+00 
 3.50000000e-01  1.79999915e+00 
 3.60000000e-01  1.79999882e+00 
 3.70000000e-01  1.79999837e+00 
 3.80000000e-01  1.79999773e+00 
 3.90000000e-01  1.79999686e+00 
 4.00000000e-01  1.79999564e+00 
 4.10000000e-01  1.79999395e+00 
 4.20000000e-01  1.79999160e+00 
 4.30000000e-01  1.79998833e+00 
 4.40000000e-01  1.79998381e+00 
 4.50000000e-01  1.79997753e+00 
 4.60000000e-01  1.79996884e+00 
 4.70000000e-01  1.79995680e+00 
 4.80000000e-01  1.79994017e+00 
 4.90000000e-01  1.79991720e+00 
 5.00000000e-01  1.79988555e+00 
 5.10000000e-01  1.79984201e+00 
 5.20000000e-01  1.79978226e+00 
 5.30000000e-01  1.79970048e+00 
 5.40000000e-01  1.79958887e+00 
 5.50000000e-01  1.79943709e+00 
 5.60000000e-01  1.79923145e+00 
 5.70000000e-01  1.79895405e+00 
 5.80000000e-01  1.79858156e+00 
 5.90000000e-01  1.79808394e+00 
 6.00000000e-01  1.79742272e+00 
 6.10000000e-01  1.79654915e+00 
 6.20000000e-01  1.79540179e+00 
 6.30000000e-01  1.79390384e+00 
 6.40000000e-01  1.79195968e+00 
 6.50000000e-01  1.78945062e+00 
 6.60000000e-01  1.78622925e+00 
 6.70000000e-01  1.78211163e+00 
 6.80000000e-01  1.77686599e+00 
 6.90000000e-01  1.77019533e+00 
 7.00000000e-01  1.76170928e+00 
 7.10000000e-01  1.75087519e+00 
 7.20000000e-01  1.73692601e+00 
 7.30000000e-01  1.71866714e+00 
 7.40000000e-01  1.69400716e+00 
 7.50000000e-01  1.65855569e+00 
 7.60000000e-01  1.59823679e+00 
 7.70000000e-01  1.48739391e+00 
 7.80000000e-01  1.34924383e+00 
 7.90000000e-01  1.20817650e+00 
 8.00000000e-01  1.06884326e+00 
 8.10000000e-01  9.32709281e-01 
 8.20000000e-01  8.00441623e-01 
 8.30000000e-01  6.72426203e-01 
 8.40000000e-01  5.49020665e-01 
 8.50000000e-01  4.30827712e-01 
 8.60000000e-01  3.19264360e-01 
 8.70000000e-01  2.18239612e-01 
 8.80000000e-01  1.39574381e-01 
 8.90000000e-01  9.55784892e-02 
 9.00000000e-01  7.29054018e-02 
 9.10000000e-01  5.88224738e-02 
 9.20000000e-01  4.87898022e-02 
 9.30000000e-01  4.11271975e-02 
 9.40000000e-01  3.50865126e-02 
 9.50000000e-01  3.01584220e-02 
 9.60000000e-01  2.60622711e-02 
 9.70000000e-01  2.26105793e-02 
 9.80000000e-01  1.96705062e-02 
 9.90000000e-01  1.71449346e-02 
 1.00000000e+00  1.49607990e-02 
 1.01000000e+00  1.30618146e-02 
 1.02000000e+00  1.14037649e-02 
 1.03000000e+00  9.95133247e-03 
 1.04000000e+00  8.67589863e-03 
 1.05000000e+00  7.55397601e-03 
 1.06000000e+00  6.56606552e-03 
 1.07000000e+00  5.69580650e-03 
 1.08000000e+00  4.92933382e-03 
 1.09000000e+00  4.25478430e-03 
 1.10000000e+00  3.66191285e-03 
 1.11000000e+00  3.14179104e-03 
 1.12000000e+00  2.68656843e-03 
 1.13000000e+00  2.28928286e-03 
 1.14000000e+00  1.94370970e-03 
 1.15000000e+00  1.64424249e-03 
 1.16000000e+00  1.38579961e-03 
 1.17000000e+00  1.16375239e-03 
 1.18000000e+00  9.73871123e-04 
 1.19000000e+00  8.12285747e-04 
 1.20000000e+00  6.75458032e-04 
 1.21000000e+00  5.60162426e-04 
 1.22000000e+00  4.63472622e-04 
 1.23000000e+00  3.82751237e-04 
 1.24000000e+00  3.15640324e-04 
 1.25000000e+00  2.60050915e-04 
 1.26000000e+00  2.14150468e-04 
 1.27000000e+00  1.76347661e-04 
 1.28000000e+00  1.45274598e-04 
 1.29000000e+00  1.19766928e-04 
 1.30000000e+00  9.88426379e-05 
 1.31000000e+00  8.16804198e-05 
 1.32000000e+00  6.75984434e-05 
 1.33000000e+00  5.60342419e-05 
 1.34000000e+00  4.65262229e-05 
 1.35000000e+00  3.86971132e-05 
 1.36000000e+00  3.22394673e-05 
 1.37000000e+00  2.69032248e-05 
 1.38000000e+00  2.24851983e-05 
 1.39000000e+00  1.88203100e-05 
 1.40000000e+00  1.57743670e-05 
 1.41000000e+00  1.32381557e-05 
 1.42000000e+00  1.11226466e-05 
 1.43000000e+00  9.35511958e-06 
 1.44000000e+00  7.87604378e-06 
 1.45000000e+00  6.63656917e-06 
 1.46000000e+00  5.59651208e-06 
 1.47000000e+00  4.72273659e-06 
 1.48000000e+00  3.98785272e-06 
 1.49000000e+00  3.36916768e-06 
 1.50000000e+00  2.84783902e-06 
 1.51000000e+00  2.40818907e-06 
 1.52000000e+00  2.03714839e-06 
 1.53000000e+00  1.72380260e-06 
 1.54000000e+00  1.45902225e-06 
 1.55000000e+00  1.23515966e-06 
 1.56000000e+00  1.04579981e-06 
 1.57000000e+00  8.85555153e-07 
 1.58000000e+00  7.49896087e-07 
 1.59000000e+00  6.35010563e-07 
 1.60000000e+00  5.37687581e-07 
 1.61000000e+00  4.55220259e-07 
 1.62000000e+00  3.85325059e-07 
 1.63000000e+00  3.26074343e-07 
 1.64000000e+00  2.75839972e-07 
 1.65000000e+00  2.33246070e-07 
 1.66000000e+00  1.97129409e-07 
 1.67000000e+00  1.66506141e-07 
 1.68000000e+00  1.40543835e-07 
 1.69000000e+00  1.18537938e-07 
 1.70000000e+00  9.98919494e-08 
 1.71000000e+00  8.41006881e-08 
 1.72000000e+00  7.07361778e-08 
 1.73000000e+00  5.94357061e-08 
 1.74000000e+00  4.98917253e-08 
 1.75000000e+00  4.18432952e-08 
 1.76000000e+00  3.50688300e-08 
 1.77000000e+00  2.93799462e-08 
 1.78000000e+00  2.46162475e-08 
 1.79000000e+00  2.06409104e-08 
 1.80000000e+00  1.73369584e-08 
 1.81000000e+00  1.46041342e-08 
 1.82000000e+00  1.23562905e-08 
 1.83000000e+00  1.05192330e-08 
 1.84000000e+00  9.02895214e-09 
 1.85000000e+00  7.83018505e-09 
 1.86000000e+00  6.87525014e-09 
 1.87000000e+00  6.12309822e-09 
 1.88000000e+00  5.53852875e-09 
 1.89000000e+00  5.09152564e-09 
 1.90000000e+00  4.75667594e-09 
 1.91000000e+00  4.51264357e-09 
 1.92000000e+00  4.34168152e-09 
 1.93000000e+00  4.22917414e-09 
 1.94000000e+00  4.16320681e-09 
 1.95000000e+00  4.13416580e-09 
 1.96000000e+00  4.13437155e-09 
 1.97000000e+00  4.15774909e-09 
 1.98000000e+00  4.19953657e-09 
 1.99000000e+00  4.25603463e-09 
 2.00000000e+00  4.32439293e-09 
 2.01000000e+00  4.40243282e-09 
 2.02000000e+00  4.48850197e-09 
 2.03000000e+00  4.58135642e-09 
 2.04000000e+00  4.68006754e-09 
 2.05000000e+00  4.78394759e-09 
 2.06000000e+00  4.89249224e-09 
 2.07000000e+00  5.00533611e-09 
 2.08000000e+00  5.12221844e-09 
 2.09000000e+00  5.24295690e-09 
 2.10000000e+00  5.36742792e-09 
 2.11000000e+00  5.49555175e-09 
 2.12000000e+00  5.62728134e-09 
 2.13000000e+00  5.76259372e-09 
 2.14000000e+00  5.90148390e-09 
 2.15000000e+00  6.04396031e-09 
 2.16000000e+00  6.19004113e-09 
 2.17000000e+00  6.33975189e-09 
 2.18000000e+00  6.49312344e-09 
 2.19000000e+00  6.65019086e-09 
 2.20000000e+00  6.81099198e-09 
 2.21000000e+00  6.97556692e-09 
 2.22000000e+00  7.14395754e-09 
 2.23000000e+00  7.31620681e-09 
 2.24000000e+00  7.49235871e-09 
 2.25000000e+00  7.67245797e-09 
 2.26000000e+00  7.85654973e-09 
 2.27000000e+00  8.04467973e-09 
 2.28000000e+00  8.23689396e-09 
 2.29000000e+00  8.43323856e-09 
 2.30000000e+00  8.63376015e-09 
