 0.00000000e+00  1.80000000e+00 
 1.00000000e-02  1.79999999e+00 
 2.00000000e-02  1.79999999e+00 
 3.00000000e-02  1.79999999e+00 
 4.00000000e-02  1.79999999e+00 
 5.00000000e-02  1.79999999e+00 
 6.00000000e-02  1.79999999e+00 
 7.00000000e-02  1.79999999e+00 
 8.00000000e-02  1.79999999e+00 
 9.00000000e-02  1.79999999e+00 
 1.00000000e-01  1.79999999e+00 
 1.10000000e-01  1.79999999e+00 
 1.20000000e-01  1.79999999e+00 
 1.30000000e-01  1.79999999e+00 
 1.40000000e-01  1.79999999e+00 
 1.50000000e-01  1.79999999e+00 
 1.60000000e-01  1.79999999e+00 
 1.70000000e-01  1.79999999e+00 
 1.80000000e-01  1.79999999e+00 
 1.90000000e-01  1.79999999e+00 
 2.00000000e-01  1.79999999e+00 
 2.10000000e-01  1.79999999e+00 
 2.20000000e-01  1.79999998e+00 
 2.30000000e-01  1.79999998e+00 
 2.40000000e-01  1.79999998e+00 
 2.50000000e-01  1.79999997e+00 
 2.60000000e-01  1.79999996e+00 
 2.70000000e-01  1.79999995e+00 
 2.80000000e-01  1.79999994e+00 
 2.90000000e-01  1.79999992e+00 
 3.00000000e-01  1.79999989e+00 
 3.10000000e-01  1.79999986e+00 
 3.20000000e-01  1.79999980e+00 
 3.30000000e-01  1.79999973e+00 
 3.40000000e-01  1.79999963e+00 
 3.50000000e-01  1.79999949e+00 
 3.60000000e-01  1.79999929e+00 
 3.70000000e-01  1.79999902e+00 
 3.80000000e-01  1.79999864e+00 
 3.90000000e-01  1.79999810e+00 
 4.00000000e-01  1.79999736e+00 
 4.10000000e-01  1.79999632e+00 
 4.20000000e-01  1.79999488e+00 
 4.30000000e-01  1.79999287e+00 
 4.40000000e-01  1.79999007e+00 
 4.50000000e-01  1.79998617e+00 
 4.60000000e-01  1.79998074e+00 
 4.70000000e-01  1.79997320e+00 
 4.80000000e-01  1.79996272e+00 
 4.90000000e-01  1.79994818e+00 
 5.00000000e-01  1.79992804e+00 
 5.10000000e-01  1.79990018e+00 
 5.20000000e-01  1.79986171e+00 
 5.30000000e-01  1.79980873e+00 
 5.40000000e-01  1.79973593e+00 
 5.50000000e-01  1.79963623e+00 
 5.60000000e-01  1.79950012e+00 
 5.70000000e-01  1.79931503e+00 
 5.80000000e-01  1.79906440e+00 
 5.90000000e-01  1.79872661e+00 
 6.00000000e-01  1.79827364e+00 
 6.10000000e-01  1.79766954e+00 
 6.20000000e-01  1.79686844e+00 
 6.30000000e-01  1.79581237e+00 
 6.40000000e-01  1.79442847e+00 
 6.50000000e-01  1.79262562e+00 
 6.60000000e-01  1.79029018e+00 
 6.70000000e-01  1.78728028e+00 
 6.80000000e-01  1.78341801e+00 
 6.90000000e-01  1.77847812e+00 
 7.00000000e-01  1.77217069e+00 
 7.10000000e-01  1.76411324e+00 
 7.20000000e-01  1.75378260e+00 
 7.30000000e-01  1.74042489e+00 
 7.40000000e-01  1.72286857e+00 
 7.50000000e-01  1.69907622e+00 
 7.60000000e-01  1.66483800e+00 
 7.70000000e-01  1.60739650e+00 
 7.80000000e-01  1.50598772e+00 
 7.90000000e-01  1.37981424e+00 
 8.00000000e-01  1.24970922e+00 
 8.10000000e-01  1.12001701e+00 
 8.20000000e-01  9.92202669e-01 
 8.30000000e-01  8.66960249e-01 
 8.40000000e-01  7.44688531e-01 
 8.50000000e-01  6.25687148e-01 
 8.60000000e-01  5.10314664e-01 
 8.70000000e-01  3.99239973e-01 
 8.80000000e-01  2.94080803e-01 
 8.90000000e-01  1.99495465e-01 
 9.00000000e-01  1.29445063e-01 
 9.10000000e-01  9.22159479e-02 
 9.20000000e-01  7.20078040e-02 
 9.30000000e-01  5.88212361e-02 
 9.40000000e-01  4.91977926e-02 
 9.50000000e-01  4.17319876e-02 
 9.60000000e-01  3.57702703e-02 
 9.70000000e-01  3.08644292e-02 
 9.80000000e-01  2.67577576e-02 
 9.90000000e-01  2.32760920e-02 
 1.00000000e+00  2.02948112e-02 
 1.01000000e+00  1.77219593e-02 
 1.02000000e+00  1.54878039e-02 
 1.03000000e+00  1.35382576e-02 
 1.04000000e+00  1.18305701e-02 
 1.05000000e+00  1.03304032e-02 
 1.06000000e+00  9.00978581e-03 
 1.07000000e+00  7.84564598e-03 
 1.08000000e+00  6.81873434e-03 
 1.09000000e+00  5.91281875e-03 
 1.10000000e+00  5.11407194e-03 
 1.11000000e+00  4.41059914e-03 
 1.12000000e+00  3.79206929e-03 
 1.13000000e+00  3.24942445e-03 
 1.14000000e+00  2.77464941e-03 
 1.15000000e+00  2.36058881e-03 
 1.16000000e+00  2.00080231e-03 
 1.17000000e+00  1.68945112e-03 
 1.18000000e+00  1.42121039e-03 
 1.19000000e+00  1.19120350e-03 
 1.20000000e+00  9.94954264e-04 
 1.21000000e+00  8.28353746e-04 
 1.22000000e+00  6.87638196e-04 
 1.23000000e+00  5.69374809e-04 
 1.24000000e+00  4.70452059e-04 
 1.25000000e+00  3.88071736e-04 
 1.26000000e+00  3.19740296e-04 
 1.27000000e+00  2.63257844e-04 
 1.28000000e+00  2.16703802e-04 
 1.29000000e+00  1.78419085e-04 
 1.30000000e+00  1.46985213e-04 
 1.31000000e+00  1.21201196e-04 
 1.32000000e+00  1.00059266e-04 
 1.33000000e+00  8.27205163e-05 
 1.34000000e+00  6.84914056e-05 
 1.35000000e+00  5.68018424e-05 
 1.36000000e+00  4.71853368e-05 
 1.37000000e+00  3.92614659e-05 
 1.38000000e+00  3.27207077e-05 
 1.39000000e+00  2.73115542e-05 
 1.40000000e+00  2.28297222e-05 
 1.41000000e+00  1.91092270e-05 
 1.42000000e+00  1.60150690e-05 
 1.43000000e+00  1.34372849e-05 
 1.44000000e+00  1.12861359e-05 
 1.45000000e+00  9.48823025e-06 
 1.46000000e+00  7.98340550e-06 
 1.47000000e+00  6.72222509e-06 
 1.48000000e+00  5.66396734e-06 
 1.49000000e+00  4.77500908e-06 
 1.50000000e+00  4.02752432e-06 
 1.51000000e+00  3.39843426e-06 
 1.52000000e+00  2.86855802e-06 
 1.53000000e+00  2.42192384e-06 
 1.54000000e+00  2.04520867e-06 
 1.55000000e+00  1.72728101e-06 
 1.56000000e+00  1.45882672e-06 
 1.57000000e+00  1.23204196e-06 
 1.58000000e+00  1.04038039e-06 
 1.59000000e+00  8.78344636e-07 
 1.60000000e+00  7.41313695e-07 
 1.61000000e+00  6.25399878e-07 
 1.62000000e+00  5.27329900e-07 
 1.63000000e+00  4.44345874e-07 
 1.64000000e+00  3.74122742e-07 
 1.65000000e+00  3.14699267e-07 
 1.66000000e+00  2.64420294e-07 
 1.67000000e+00  2.21888352e-07 
 1.68000000e+00  1.85923039e-07 
 1.69000000e+00  1.55526875e-07 
 1.70000000e+00  1.29856574e-07 
 1.71000000e+00  1.08198821e-07 
 1.72000000e+00  8.99498336e-08 
 1.73000000e+00  7.45980974e-08 
 1.74000000e+00  6.17097678e-08 
 1.75000000e+00  5.09163297e-08 
 1.76000000e+00  4.19041762e-08 
 1.77000000e+00  3.44058320e-08 
 1.78000000e+00  2.81925929e-08 
 1.79000000e+00  2.30683949e-08 
 1.80000000e+00  1.88647462e-08 
 1.81000000e+00  1.54365782e-08 
 1.82000000e+00  1.26588712e-08 
 1.83000000e+00  1.04239269e-08 
 1.84000000e+00  8.63915184e-09 
 1.85000000e+00  7.22523607e-09 
 1.86000000e+00  6.11461736e-09 
 1.87000000e+00  5.25014388e-09 
 1.88000000e+00  4.58387161e-09 
 1.89000000e+00  4.07595340e-09 
 1.90000000e+00  3.69359900e-09 
 1.91000000e+00  3.41010039e-09 
 1.92000000e+00  3.20392503e-09 
 1.93000000e+00  3.05788610e-09 
 1.94000000e+00  2.95839650e-09 
 1.95000000e+00  2.89481199e-09 
 1.96000000e+00  2.85886367e-09 
 1.97000000e+00  2.84417840e-09 
 1.98000000e+00  2.84587872e-09 
 1.99000000e+00  2.86025671e-09 
 2.00000000e+00  2.88451043e-09 
 2.01000000e+00  2.91653416e-09 
 2.02000000e+00  2.95475399e-09 
 2.03000000e+00  2.99799931e-09 
 2.04000000e+00  3.04540401e-09 
 2.05000000e+00  3.09633048e-09 
 2.06000000e+00  3.15031236e-09 
 2.07000000e+00  3.20701082e-09 
 2.08000000e+00  3.26618173e-09 
 2.09000000e+00  3.32765132e-09 
 2.10000000e+00  3.39129794e-09 
 2.11000000e+00  3.45703820e-09 
 2.12000000e+00  3.52481706e-09 
 2.13000000e+00  3.59460054e-09 
 2.14000000e+00  3.66636979e-09 
 2.15000000e+00  3.74011739e-09 
 2.16000000e+00  3.81584423e-09 
 2.17000000e+00  3.89355737e-09 
 2.18000000e+00  3.97326830e-09 
 2.19000000e+00  4.05499190e-09 
 2.20000000e+00  4.13874539e-09 
 2.21000000e+00  4.22454804e-09 
 2.22000000e+00  4.31242018e-09 
 2.23000000e+00  4.40238343e-09 
 2.24000000e+00  4.49445993e-09 
 2.25000000e+00  4.58867257e-09 
 2.26000000e+00  4.68504458e-09 
 2.27000000e+00  4.78359955e-09 
 2.28000000e+00  4.88436136e-09 
 2.29000000e+00  4.98735395e-09 
 2.30000000e+00  5.09260165e-09 
